j = [123,   456,    789
    101112, 141516, 171819]